data/igsg0210.22i
     1.0            IONOSPHERE MAPS     MIX                 IONEX VERSION / TYPE
cmpcmb v1.2          GRL/UWM             9-feb-22 21:06     PGM / RUN BY / DATE 
ionex file containing IGS COMBINED Ionosphere maps          COMMENT             
global ionosphere maps for day 021, 2022                    DESCRIPTION         
IONEX file containing the COMBINED IGS TEC MAPS and DCBs    DESCRIPTION         
      IONEX files of the following IAACs were combined: cod DESCRIPTION         
                                                        esa DESCRIPTION         
                                                        jpl DESCRIPTION         
                                                        upc DESCRIPTION         
Contact address: Andrzej Krankowski                         DESCRIPTION
                 Geodynamics Research Laboratory            DESCRIPTION
                 University of Warmia and Mazury (GRL/UWM)  DESCRIPTION
                 Oczapowski St. 1                           DESCRIPTION
                 10-957-Olsztyn, POLAND                     DESCRIPTION
                 e-mail:  kand@uwm.edu.pl                   DESCRIPTION
                                                            DESCRIPTION         
  2022     1    21     0     0     0                        EPOCH OF FIRST MAP  
  2022     1    22     0     0     0                        EPOCH OF LAST MAP   
  7200                                                      INTERVAL            
    13                                                      # OF MAPS IN FILE   
  COSZ                                                      MAPPING FUNCTION    
     0.0                                                    ELEVATION CUTOFF    
combined TEC calculated as weighted mean of input TEC valuesOBSERVABLES USED    
   354                                                      # OF STATIONS       
    31                                                      # OF SATELLITES     
  6371.0                                                    BASE RADIUS         
     2                                                      MAP DIMENSION       
   450.0 450.0   0.0                                        HGT1 / HGT2 / DHGT  
    87.5 -87.5  -2.5                                        LAT1 / LAT2 / DLAT  
  -180.0 180.0   5.0                                        LON1 / LON2 / DLON  
    -1                                                      EXPONENT            
TEC values in 0.1 tec units;  9999, if no value available   COMMENT             
DCB values in nanoseconds, reference is Sum_of_SatDCBs = 0  COMMENT             
                                                            END OF HEADER       
[from data line 858]
     3                                                      START OF TEC MAP    
  2022     1    21     4     0     0                        EPOCH OF CURRENT MAP
    87.5-180.0 180.0   5.0 450.0                            LAT/LON1/LON2/DLON/H
   31   31   31   31   30   30   30   30   31   31   31   31   31   31   31   31
   31   31   31   32   31   31   31   31   31   31   31   31   32   32   33   33
   33   34   34   35   35   35   35   36   36   37   37   37   37   37   37   37
   37   37   37   37   37   37   37   36   36   36   35   35   35   35   34   34
   34   33   33   32   32   32   32   31   31
    85.0-180.0 180.0   5.0 450.0                            LAT/LON1/LON2/DLON/H
   30   29   30   30   29   29   29   30   30   30   30   30   30   30   30   30
   30   29   30   29   29   28   28   27   27   27   27   28   28   29   30   30
   31   32   32   34   35   35   36   37   38   38   38   39   39   39   39   40
   39   39   39   39   39   39   38   38   38   37   36   36   35   35   34   34
   33   33   32   32   31   31   30   30   30
    82.5-180.0 180.0   5.0 450.0                            LAT/LON1/LON2/DLON/H
   30   30   29   29   29   29   29   30   30   30   31   31   31   31   30   30
   29   28   27   26   26   25   24   22   22   22   22   23   24   25   26   28
   28   30   31   33   34   36   37   37   38   39   39   39   40   39   40   39
   39   39   39   39   38   39   38   38   38   38   37   37   37   36   36   35
   34   35   34   33   32   32   31   30   30
    80.0-180.0 180.0   5.0 450.0                            LAT/LON1/LON2/DLON/H
   31   30   29   29   29   29   30   30   31   31   32   32   32   33   32   32
   31   29   28   26   24   23   21   20   20   19   19   20   21   22   23   25
   27   29   31   32   34   35   36   36   36   37   37   37   37   37   37   37
   37   36   36   36   36   37   38   39   39   40   40   40   40   40   40   40
   39   39   38   37   36   35   33   33   31
    77.5-180.0 180.0   5.0 450.0                            LAT/LON1/LON2/DLON/H
   34   33   31   30   29   29   29   29   29   31   31   32   32   33   32   32
   32   30   28   26   25   22   21   18   18   17   17   18   19   21   22   24
   26   28   30   32   33   33   34   34   34   34   33   33   32   33   32   32
   32   33   33   34   35   36   38   40   42   43   45   46   47   47   47   47
   47   46   45   44   43   41   39   37   34
    75.0-180.0 180.0   5.0 450.0                            LAT/LON1/LON2/DLON/H
   39   36   33   31   29   28   28   28   28   29   30   31   32   33   34   33
   33   31   29   27   24   22   21   19   18   17   17   17   18   20   22   25
   27   29   29   30   31   31   31   30   30   29   29   28   27   27   27   28
   28   29   31   33   35   38   40   44   47   49   52   53   55   56   57   57
   57   56   55   54   52   49   47   43   39
    72.5-180.0 180.0   5.0 450.0                            LAT/LON1/LON2/DLON/H
   48   42   38   34   31   29   28   27   28   28   29   31   32   34   34   34
   33   31   29   27   25   23   22   20   19   19   19   20   21   22   24   26
   28   29   29   30   29   29   28   27   26   25   24   23   22   22   23   24
   25   28   31   34   38   42   46   50   54   57   61   63   65   67   68   69
   69   68   67   65   63   60   56   52   48
    70.0-180.0 180.0   5.0 450.0                            LAT/LON1/LON2/DLON/H
   56   50   45   40   35   32   29   27   27   27   28   29   30   31   33   32
   31   30   29   27   25   25   24   23   23   22   23   24   25   25   26   28
   28   29   29   28   27   26   25   23   22   21   20   19   18   18   19   21
   25   28   33   40   44   49   55   59   63   68   71   74   77   78   79   80
   80   79   78   77   74   70   66   62   56
    67.5-180.0 180.0   5.0 450.0                            LAT/LON1/LON2/DLON/H
   64   59   52   46   41   35   32   29   27   26   26   26   27   28   29   28
   28   28   27   26   26   25   26   26   26   26   28   28   28   28   28   29
   28   28   27   26   25   24   22   21   19   18   17   16   16   17   19   22
   26   32   39   46   53   60   65   71   75   79   82   85   87   89   89   89
   89   88   87   86   83   80   75   70   64
    65.0-180.0 180.0   5.0 450.0                            LAT/LON1/LON2/DLON/H
   72   66   60   53   46   40   36   31   28   26   25   24   24   24   24   24
   24   25   26   26   26   26   27   28   29   29   30   31   30   30   29   28
   27   26   25   23   21   20   19   18   17   16   16   16   16   18   21   25
   31   38   45   55   63   71   77   83   88   91   94   96   97   97   97   96
   95   95   94   92   90   87   83   78   72
    62.5-180.0 180.0   5.0 450.0                            LAT/LON1/LON2/DLON/H
   78   72   66   60   53   46   40   34   30   28   25   24   22   21   20   20
   21   22   23   24   25   26   27   28   29   30   30   31   30   29   29   27
   26   24   23   21   19   17   17   16   16   16   17   17   19   21   25   30
   37   44   54   64   73   82   89   96  100  103  104  105  105  104  102  101
   99   97   97   96   93   92   88   83   78
    60.0-180.0 180.0   5.0 450.0                            LAT/LON1/LON2/DLON/H
   82   76   71   65   58   50   44   38   32   29   26   24   22   20   19   18
   19   20   21   23   24   25   26   27   28   29   29   29   29   28   27   26
   25   23   21   19   18   17   16   16   17   18   20   21   23   27   31   37
   44   52   63   73   83   92  100  106  111  113  114  113  112  109  107  104
  101   99   98   97   95   93   90   87   82
    57.5-180.0 180.0   5.0 450.0                            LAT/LON1/LON2/DLON/H
   85   80   75   69   62   55   47   40   35   31   28   26   23   21   19   19
   19   20   21   23   24   24   25   25   26   26   27   27   27   27   26   25
   24   22   21   19   19   18   19   20   21   22   24   26   29   32   37   43
   51   61   70   82   92  101  108  114  118  121  121  120  118  115  111  107
  104  101   99   98   97   96   93   89   85
    55.0-180.0 180.0   5.0 450.0                            LAT/LON1/LON2/DLON/H
   88   83   78   72   65   58   50   43   38   34   30   28   25   23   22   21
   21   22   23   24   24   24   24   24   24   24   25   26   26   26   26   26
   25   24   24   23   23   23   24   25   26   28   30   32   34   38   44   50
   58   67   77   88   97  106  113  118  123  126  127  126  125  122  117  113
  108  105  102  101   99   98   96   93   88
    52.5-180.0 180.0   5.0 450.0                            LAT/LON1/LON2/DLON/H
   94   88   81   75   68   61   54   47   41   37   34   31   28   26   25   24
   24   25   25   26   26   25   24   23   23   24   24   26   27   28   28   29
   28   28   29   29   30   30   31   32   34   35   37   38   40   44   49   57
   65   73   83   92  100  108  115  121  126  130  133  134  133  130  126  120
  114  110  107  105  104  103  101   98   94
    50.0-180.0 180.0   5.0 450.0                            LAT/LON1/LON2/DLON/H
  100   95   87   79   72   64   57   50   44   40   37   35   32   30   29   28
   28   28   28   28   28   26   25   25   25   26   27   29   31   33   34   34
   34   36   37   38   39   40   41   40   42   43   44   45   46   51   56   63
   70   79   88   95  103  111  117  124  130  135  139  142  142  140  135  129
  122  117  114  111  111  111  109  105  100
    47.5-180.0 180.0   5.0 450.0                            LAT/LON1/LON2/DLON/H
  109  103   94   85   77   69   61   54   48   45   42   39   36   35   33   32
   32   32   32   32   31   30   29   29   29   31   33   36   38   40   41   41
   41   44   46   48   49   50   50   51   50   51   51   51   53   57   63   70
   77   86   93   99  105  113  120  128  135  141  147  150  151  149  143  136
  131  126  121  119  119  119  118  115  109
    45.0-180.0 180.0   5.0 450.0                            LAT/LON1/LON2/DLON/H
  118  111  102   93   84   75   66   58   53   49   46   44   41   39   37   37
   36   36   35   35   35   35   35   36   37   39   41   44   46   47   48   48
   49   51   54   57   59   60   60   59   59   58   58   58   60   64   71   79
   88   94   99  104  110  117  124  132  141  148  154  157  157  155  149  143
  138  133  130  127  127  126  125  122  118
    42.5-180.0 180.0   5.0 450.0                            LAT/LON1/LON2/DLON/H
  123  117  109  101   92   82   72   64   58   54   51   49   47   45   43   42
   40   40   40   41   41   42   43   45   46   48   50   52   54   54   54   54
   55   57   60   63   65   66   67   66   66   65   65   64   66   72   80   90
   98  104  108  112  117  122  130  139  148  155  160  163  161  159  154  149
  145  140  136  134  133  131  130  128  123
    40.0-180.0 180.0   5.0 450.0                            LAT/LON1/LON2/DLON/H
  126  120  113  106   98   89   80   71   64   60   57   54   52   51   49   48
   46   45   45   47   49   51   53   55   55   58   59   60   60   60   59   58
   59   61   64   67   69   70   71   71   71   71   70   70   74   80   90  101
  108  115  119  122  126  130  137  145  153  159  165  166  164  161  158  153
  148  144  140  137  134  133  133  130  126
    37.5-180.0 180.0   5.0 450.0                            LAT/LON1/LON2/DLON/H
  125  120  115  109  102   94   85   76   70   66   63   61   59   57   56   54
   53   53   54   55   58   60   63   64   64   65   65   65   65   64   63   62
   61   63   65   68   70   72   73   74   74   75   75   76   80   88   99  110
  119  125  128  131  134  138  145  151  158  164  169  170  168  165  161  158
  154  148  144  140  137  134  133  129  125
    35.0-180.0 180.0   5.0 450.0                            LAT/LON1/LON2/DLON/H
  122  117  112  108  103   96   88   80   73   70   68   67   66   65   63   62
   61   61   63   65   67   70   72   72   71   70   68   67   66   65   64   63
   62   64   66   68   70   72   73   75   76   77   77   79   84   92  106  119
  128  134  137  139  142  146  153  158  164  169  173  175  174  172  168  165
  162  158  153  147  143  139  135  129  122
    32.5-180.0 180.0   5.0 450.0                            LAT/LON1/LON2/DLON/H
  123  114  109  105  101   95   87   80   74   72   71   71   71   71   71   71
   70   72   73   75   76   78   78   76   73   71   67   66   65   65   64   63
   63   65   67   69   70   71   72   74   75   77   78   80   85   96  110  124
  134  140  143  146  150  155  161  166  172  176  181  184  185  185  183  182
  179  175  168  161  156  149  143  133  123
    30.0-180.0 180.0   5.0 450.0                            LAT/LON1/LON2/DLON/H
  132  119  109  104   98   93   85   78   71   69   71   72   74   75   76   77
   79   81   82   83   83   83   81   78   73   69   65   65   66   66   67   66
   67   69   71   71   71   70   70   71   73   74   76   79   85   97  112  127
  139  146  149  152  158  164  170  176  182  187  193  198  202  206  207  209
  206  202  195  187  180  170  160  147  132
    27.5-180.0 180.0   5.0 450.0                            LAT/LON1/LON2/DLON/H
  153  134  119  109  100   92   83   76   69   67   68   71   74   77   79   81
   83   86   88   88   86   86   82   76   71   68   64   66   70   71   73   73
   75   76   76   77   74   70   68   67   68   70   71   76   83   97  114  130
  143  149  154  159  167  175  181  188  193  201  209  218  227  236  242  247
  245  242  234  228  218  205  192  174  153
    25.0-180.0 180.0   5.0 450.0                            LAT/LON1/LON2/DLON/H
  189  163  141  123  110   99   88   78   69   66   67   68   71   75   77   80
   83   87   89   89   86   84   80   76   72   69   67   71   78   81   84   85
   85   84   83   81   78   71   66   63   63   64   66   72   81   97  114  131
  145  153  159  168  177  187  195  202  209  219  230  244  258  273  283  294
  293  290  283  279  265  252  233  215  189
    22.5-180.0 180.0   5.0 450.0                            LAT/LON1/LON2/DLON/H
  235  208  177  150  128  113  100   86   75   69   68   67   70   72   73   76
   78   83   86   86   83   80   77   76   75   76   77   82   89   95   98   99
   96   93   89   86   80   72   65   60   58   58   60   67   80   96  115  133
  148  158  166  178  190  202  211  219  229  242  258  276  294  315  332  342
  344  337  331  330  319  304  286  263  235
    20.0-180.0 180.0   5.0 450.0                            LAT/LON1/LON2/DLON/H
  290  257  218  183  154  135  117  101   86   78   73   70   70   70   70   70
   71   75   79   79   77   75   74   77   82   89   93   97  104  109  111  113
  108  102   95   89   81   72   63   57   54   52   56   65   78   97  117  137
  152  165  177  191  206  221  230  241  253  269  289  310  331  355  375  386
  384  376  372  373  367  357  340  315  290
    17.5-180.0 180.0   5.0 450.0                            LAT/LON1/LON2/DLON/H
  343  310  266  224  186  159  139  121  104   92   84   80   77   74   70   66
   64   67   71   72   72   71   75   83   92  103  111  116  120  121  122  123
  118  107   99   90   82   70   61   55   51   49   53   64   81  101  123  144
  161  176  189  205  223  241  253  266  279  296  318  342  365  387  403  413
  412  401  399  400  401  398  387  372  343
    15.0-180.0 180.0   5.0 450.0                            LAT/LON1/LON2/DLON/H
  383  352  311  265  223  192  170  150  129  114  104   99   92   87   78   69
   63   63   67   69   70   73   80   91  105  119  129  135  133  129  127  127
  119  107   98   89   81   70   61   54   50   48   52   67   87  109  133  154
  173  188  203  220  240  260  277  290  304  322  344  367  388  405  416  422
  422  413  409  412  414  415  411  402  383
    12.5-180.0 180.0   5.0 450.0                            LAT/LON1/LON2/DLON/H
  400  379  345  300  258  228  207  184  161  143  131  125  117  110   97   85
   73   70   72   74   76   81   91  104  119  133  144  147  140  132  126  123
  115  103   94   87   79   71   63   56   51   48   54   71   95  119  144  166
  185  201  217  234  255  278  297  310  324  343  362  380  397  409  416  417
  416  411  409  410  411  412  411  410  400
    10.0-180.0 180.0   5.0 450.0                            LAT/LON1/LON2/DLON/H
  400  386  360  322  288  262  243  219  195  175  163  155  147  140  126  113
   95   89   87   88   91   97  107  121  135  148  151  150  140  130  122  117
  109   98   91   85   79   73   65   58   52   50   58   77  103  129  154  175
  196  211  227  246  268  291  309  323  336  353  366  380  394  404  407  407
  406  403  402  402  402  402  403  404  400
     7.5-180.0 180.0   5.0 450.0                            LAT/LON1/LON2/DLON/H
  391  383  364  337  310  289  273  251  228  207  195  186  177  173  160  147
  130  119  115  114  114  121  130  142  151  160  153  146  135  124  115  112
  106   96   90   85   81   76   68   61   55   54   63   82  107  135  160  183
  202  219  235  254  276  298  316  329  339  351  361  371  383  391  396  398
  397  395  394  394  394  392  391  393  391
     5.0-180.0 180.0   5.0 450.0                            LAT/LON1/LON2/DLON/H
  385  379  367  348  329  311  295  274  254  233  219  210  204  200  194  181
  167  156  148  147  146  153  161  165  168  166  155  141  128  117  110  109
  106   99   92   88   84   79   73   66   60   57   66   85  111  138  163  186
  205  223  240  259  280  301  318  329  338  345  352  360  371  380  386  391
  394  394  394  393  390  388  386  385  385
     2.5-180.0 180.0   5.0 450.0                            LAT/LON1/LON2/DLON/H
  387  380  370  357  343  329  314  294  274  252  236  226  221  220  218  211
  200  192  183  181  181  185  189  185  182  169  153  136  123  113  110  111
  109  104   99   93   88   83   77   71   63   62   71   89  113  139  164  187
  206  223  241  259  279  300  315  326  333  339  343  350  360  372  381  391
  398  401  402  401  396  392  390  389  387
