data/igsg0210.22i
     1.0            IONOSPHERE MAPS     MIX                 IONEX VERSION / TYPE
cmpcmb v1.2          GRL/UWM             9-feb-22 21:06     PGM / RUN BY / DATE 
ionex file containing IGS COMBINED Ionosphere maps          COMMENT             
global ionosphere maps for day 021, 2022                    DESCRIPTION         
IONEX file containing the COMBINED IGS TEC MAPS and DCBs    DESCRIPTION         
      IONEX files of the following IAACs were combined: cod DESCRIPTION         
                                                        esa DESCRIPTION         
                                                        jpl DESCRIPTION         
                                                        upc DESCRIPTION         
Contact address: Andrzej Krankowski                         DESCRIPTION
                 Geodynamics Research Laboratory            DESCRIPTION
                 University of Warmia and Mazury (GRL/UWM)  DESCRIPTION
                 Oczapowski St. 1                           DESCRIPTION
                 10-957-Olsztyn, POLAND                     DESCRIPTION
                 e-mail:  kand@uwm.edu.pl                   DESCRIPTION
                                                            DESCRIPTION         
  2022     1    21     0     0     0                        EPOCH OF FIRST MAP  
  2022     1    22     0     0     0                        EPOCH OF LAST MAP   
  7200                                                      INTERVAL            
    13                                                      # OF MAPS IN FILE   
  COSZ                                                      MAPPING FUNCTION    
     0.0                                                    ELEVATION CUTOFF    
combined TEC calculated as weighted mean of input TEC valuesOBSERVABLES USED    
   354                                                      # OF STATIONS       
    31                                                      # OF SATELLITES     
  6371.0                                                    BASE RADIUS         
     2                                                      MAP DIMENSION       
   450.0 450.0   0.0                                        HGT1 / HGT2 / DHGT  
    87.5 -87.5  -2.5                                        LAT1 / LAT2 / DLAT  
  -180.0 180.0   5.0                                        LON1 / LON2 / DLON  
    -1                                                      EXPONENT            
TEC values in 0.1 tec units;  9999, if no value available   COMMENT             
DCB values in nanoseconds, reference is Sum_of_SatDCBs = 0  COMMENT             
                                                            END OF HEADER       
[from data line 4719]
    12                                                      START OF TEC MAP    
  2022     1    21    22     0     0                        EPOCH OF CURRENT MAP
    87.5-180.0 180.0   5.0 450.0                            LAT/LON1/LON2/DLON/H
   39   39   40   40   41   41   41   41   41   41   42   42   42   42   42   41
   42   41   41   41   40   40   39   38   38   38   37   37   36   36   35   35
   35   34   35   34   34   34   34   34   33   32   32   32   32   32   32   31
   31   32   31   31   31   32   32   32   32   33   33   33   34   34   35   36
   36   36   37   37   38   38   38   39   39
    85.0-180.0 180.0   5.0 450.0                            LAT/LON1/LON2/DLON/H
   42   43   43   44   45   45   45   46   46   47   47   47   47   47   47   48
   47   47   46   46   45   44   44   43   41   41   41   41   40   39   39   39
   38   38   38   37   38   37   36   36   35   35   35   34   34   33   33   33
   33   33   33   32   32   32   32   32   32   32   33   34   34   35   36   36
   37   38   39   39   40   41   41   42   42
    82.5-180.0 180.0   5.0 450.0                            LAT/LON1/LON2/DLON/H
   45   46   47   47   48   48   50   51   52   53   55   55   56   55   56   55
   55   54   53   52   49   48   48   45   45   45   44   45   44   46   45   45
   45   45   45   45   44   43   43   42   41   40   40   38   37   36   35   35
   35   36   36   36   36   36   36   36   35   35   35   36   37   37   38   38
   39   40   41   42   42   43   44   44   45
    80.0-180.0 180.0   5.0 450.0                            LAT/LON1/LON2/DLON/H
   48   49   50   51   53   54   56   59   62   67   69   70   69   68   66   64
   63   61   58   56   54   54   52   53   53   52   51   51   50   50   49   48
   48   49   49   48   47   48   47   45   46   45   45   43   42   41   40   40
   40   40   41   41   42   42   42   41   41   40   40   40   40   40   40   41
   41   42   42   43   44   45   46   47   48
    77.5-180.0 180.0   5.0 450.0                            LAT/LON1/LON2/DLON/H
   52   54   55   58   59   63   69   74   79   81   83   83   80   77   75   72
   69   65   62   63   63   60   62   58   58   60   58   56   57   58   58   60
   60   59   57   55   54   54   52   50   49   49   49   48   47   46   45   45
   45   46   47   47   48   48   47   47   46   45   44   44   43   43   43   43
   43   43   44   45   46   47   49   51   52
    75.0-180.0 180.0   5.0 450.0                            LAT/LON1/LON2/DLON/H
   57   59   62   64   68   76   80   85   89   91   90   89   88   89   88   82
   76   71   67   66   64   66   63   64   61   61   63   64   65   66   65   65
   64   63   63   63   62   59   57   56   54   55   54   53   52   51   50   50
   50   50   51   52   52   52   52   51   49   48   47   46   45   44   43   43
   43   43   44   46   48   50   52   54   57
    72.5-180.0 180.0   5.0 450.0                            LAT/LON1/LON2/DLON/H
   64   66   70   75   79   85   91   96   99  101  103  105  111  105   92   83
   78   73   72   68   66   63   60   64   65   63   66   67   69   69   69   68
   67   65   63   64   64   63   61   60   58   57   55   56   56   55   53   53
   51   51   51   52   53   53   53   51   50   49   47   46   45   44   42   42
   42   43   44   47   49   53   57   59   64
    70.0-180.0 180.0   5.0 450.0                            LAT/LON1/LON2/DLON/H
   72   76   80   85   91   96  103  107  111  117  125  128  125  114  102   93
   84   78   73   67   65   61   60   64   64   65   66   65   66   68   66   64
   64   63   61   59   59   60   59   59   57   55   54   55   55   54   53   52
   52   50   49   49   50   50   50   49   48   47   45   44   43   42   41   40
   40   41   44   47   51   56   61   67   72
    67.5-180.0 180.0   5.0 450.0                            LAT/LON1/LON2/DLON/H
   81   87   93   98  103  108  112  119  126  133  138  140  138  129  117  106
   92   82   73   69   64   61   60   63   61   61   62   61   60   60   59   58
   55   54   52   51   51   51   51   51   50   49   49   49   50   50   49   50
   50   48   45   44   44   44   44   44   43   42   41   40   39   38   37   37
   38   40   43   47   53   60   67   74   81
    65.0-180.0 180.0   5.0 450.0                            LAT/LON1/LON2/DLON/H
   90   98  105  109  113  118  122  128  135  142  148  151  149  145  134  119
  103   89   81   72   66   61   61   61   57   56   54   52   51   49   48   47
   44   43   41   41   40   40   40   40   40   40   40   41   41   42   42   43
   42   42   40   39   38   38   38   38   38   37   36   36   35   34   34   34
   36   38   43   48   55   64   72   83   90
    62.5-180.0 180.0   5.0 450.0                            LAT/LON1/LON2/DLON/H
   99  109  115  120  124  127  130  135  142  148  154  158  158  154  145  131
  114  102   93   80   71   65   61   57   53   50   46   43   41   39   38   36
   34   32   31   30   29   29   29   30   30   31   32   34   35   35   36   36
   36   35   35   34   33   32   32   32   32   32   32   31   31   30   30   31
   33   36   41   48   57   67   78   89   99
    60.0-180.0 180.0   5.0 450.0                            LAT/LON1/LON2/DLON/H
  107  117  125  130  134  136  138  141  146  152  158  162  163  160  152  141
  129  118  107   92   81   71   64   56   49   44   40   35   33   30   29   28
   27   25   24   22   21   21   21   22   24   26   29   30   32   33   34   34
   34   33   32   31   30   30   29   29   28   27   27   27   27   27   27   28
   30   35   40   48   57   69   82   94  107
    57.5-180.0 180.0   5.0 450.0                            LAT/LON1/LON2/DLON/H
  111  124  134  139  143  144  144  146  148  153  158  162  164  163  158  150
  140  131  121  107   95   83   71   59   49   40   36   32   29   26   25   25
   24   23   23   21   20   19   20   22   24   26   29   31   33   34   35   35
   34   34   33   32   31   31   30   29   27   26   25   25   25   25   25   26
   28   34   41   48   59   71   84   98  111
    55.0-180.0 180.0   5.0 450.0                            LAT/LON1/LON2/DLON/H
  115  129  140  147  151  152  151  150  152  154  158  161  163  164  161  155
  148  141  131  120  108   96   81   66   54   45   38   33   30   28   28   28
   28   26   27   26   25   25   27   28   31   33   36   37   39   40   39   39
   38   37   36   37   36   35   33   32   30   29   28   27   27   26   26   26
   31   35   43   51   60   73   85  100  115
    52.5-180.0 180.0   5.0 450.0                            LAT/LON1/LON2/DLON/H
  117  131  145  153  158  159  159  158  157  158  159  161  162  163  162  159
  154  148  140  129  117  104   90   75   63   54   46   41   37   37   36   35
   35   34   34   34   34   36   38   40   43   45   47   47   47   47   46   45
   43   42   43   44   44   43   41   39   37   35   34   33   32   30   30   31
   35   41   48   56   64   75   87  101  117
    50.0-180.0 180.0   5.0 450.0                            LAT/LON1/LON2/DLON/H
  119  134  148  158  165  168  168  167  166  164  163  162  162  162  162  161
  158  153  145  136  124  111   97   84   73   64   57   52   50   48   46   44
   44   43   43   44   46   49   51   53   55   57   58   58   57   56   53   52
   50   51   52   53   53   53   51   49   46   45   42   40   39   37   36   38
   43   50   57   64   71   80   90  104  119
    47.5-180.0 180.0   5.0 450.0                            LAT/LON1/LON2/DLON/H
  122  137  152  164  172  177  179  179  177  174  171  168  165  163  163  162
  160  157  151  142  131  118  105   93   83   75   69   65   62   58   54   52
   50   51   52   55   58   62   64   66   67   68   69   67   66   63   61   59
   59   60   61   63   63   64   62   60   57   54   51   49   47   45   44   47
   53   61   68   73   79   86   94  107  122
    45.0-180.0 180.0   5.0 450.0                            LAT/LON1/LON2/DLON/H
  125  141  155  168  178  185  189  191  190  186  182  176  171  167  165  164
  162  160  155  147  137  125  113  102   93   86   80   76   72   66   60   56
   55   56   58   63   68   72   74   76   77   77   77   74   72   70   67   66
   66   68   70   72   73   74   72   70   66   63   59   56   54   52   52   57
   64   72   80   84   89   94  101  112  125
    42.5-180.0 180.0   5.0 450.0                            LAT/LON1/LON2/DLON/H
  131  144  157  170  180  190  199  203  202  199  194  187  180  173  170  168
  166  164  160  151  142  132  122  111  102   95   88   82   76   71   64   60
   58   59   62   68   73   77   80   81   81   81   81   79   78   75   73   73
   73   75   77   80   81   81   80   77   75   71   65   61   59   59   61   67
   76   84   92   96   99  102  108  119  131
    40.0-180.0 180.0   5.0 450.0                            LAT/LON1/LON2/DLON/H
  137  149  160  171  181  192  203  210  211  209  205  197  190  182  177  173
  171  169  165  158  149  139  129  120  109  102   92   82   75   71   66   63
   61   61   65   71   76   80   82   82   83   83   83   82   81   80   78   77
   78   79   81   83   84   84   83   82   79   75   70   66   64   65   68   76
   86   95  102  106  108  110  117  126  137
    37.5-180.0 180.0   5.0 450.0                            LAT/LON1/LON2/DLON/H
  146  155  163  170  179  190  202  211  216  214  212  205  198  191  185  180
  178  175  171  165  157  147  136  125  113  104   92   81   73   70   69   67
   66   66   69   74   78   81   82   83   82   83   84   84   84   83   81   81
   80   80   82   83   83   83   83   82   80   76   72   69   68   69   74   84
   95  104  110  112  115  118  126  136  146
    35.0-180.0 180.0   5.0 450.0                            LAT/LON1/LON2/DLON/H
  155  163  166  169  175  184  195  207  213  215  213  209  204  198  192  187
  184  182  178  172  165  155  143  129  115  102   89   79   73   72   76   76
   76   76   77   80   83   84   84   83   82   83   84   85   85   85   84   82
   80   80   80   80   80   80   81   82   80   76   73   70   70   72   79   90
  103  112  117  118  121  125  135  146  155
    32.5-180.0 180.0   5.0 450.0                            LAT/LON1/LON2/DLON/H
  167  172  171  169  170  176  187  198  206  209  209  209  207  203  198  195
  191  189  185  179  173  162  149  133  116  101   87   79   78   82   89   93
   94   94   92   91   91   90   87   84   84   84   85   86   85   85   85   82
   80   78   76   76   77   78   79   79   78   75   72   71   71   75   82   95
  109  118  122  124  127  133  144  158  167
    30.0-180.0 180.0   5.0 450.0                            LAT/LON1/LON2/DLON/H
  182  184  179  172  167  170  178  189  196  201  202  204  206  205  202  200
  196  194  190  184  177  166  152  136  117  100   88   84   90   99  110  118
  121  121  116  109  105   99   93   89   87   86   87   86   86   85   84   83
   80   77   76   75   76   76   77   77   76   74   71   70   72   77   86  100
  114  124  127  129  133  141  156  172  182
    27.5-180.0 180.0   5.0 450.0                            LAT/LON1/LON2/DLON/H
  198  200  192  180  171  169  176  183  189  193  195  200  205  205  204  202
  199  196  193  187  178  167  154  139  119  104   95   96  108  124  141  151
  156  152  144  137  127  112  102   96   92   89   89   86   86   85   85   84
   82   80   77   76   75   74   74   74   72   70   69   69   72   78   89  104
  119  130  134  136  142  153  170  188  198
    25.0-180.0 180.0   5.0 450.0                            LAT/LON1/LON2/DLON/H
  218  221  212  198  186  181  183  187  189  192  195  199  205  207  205  203
  199  196  193  187  178  167  156  143  127  115  110  117  134  161  181  190
  191  184  173  165  150  127  115  104   97   93   92   88   86   86   86   86
   85   82   80   78   76   75   73   70   68   67   66   67   71   79   92  108
  123  135  141  146  153  166  187  206  218
    22.5-180.0 180.0   5.0 450.0                            LAT/LON1/LON2/DLON/H
  240  243  239  226  214  208  207  205  203  203  205  207  210  211  209  202
  198  194  190  186  178  168  161  153  140  135  135  148  170  204  221  224
  218  208  196  184  167  144  128  113  100   95   93   89   88   88   88   88
   88   86   83   81   79   76   72   68   65   64   64   66   70   79   94  110
  127  140  149  157  168  182  204  225  240
    20.0-180.0 180.0   5.0 450.0                            LAT/LON1/LON2/DLON/H
  264  271  267  261  253  247  247  243  236  234  230  225  225  222  215  206
  197  191  188  185  179  172  168  166  160  162  168  187  214  241  250  245
  234  221  207  193  175  155  139  120  103   96   93   91   90   89   90   90
   90   89   87   85   82   77   73   69   65   63   62   63   68   79   94  112
  132  147  158  169  183  200  223  248  264
    17.5-180.0 180.0   5.0 450.0                            LAT/LON1/LON2/DLON/H
  285  297  302  305  301  297  299  297  289  277  266  260  252  243  231  215
  202  193  188  184  180  178  179  180  182  193  206  230  253  263  258  250
  237  221  206  193  176  158  142  123  107   99   96   94   92   91   91   92
   94   94   91   89   86   81   75   71   67   64   62   61   67   79   95  116
  136  153  167  181  197  217  241  266  285
    15.0-180.0 180.0   5.0 450.0                            LAT/LON1/LON2/DLON/H
  301  317  331  343  345  344  354  368  352  330  315  304  290  277  255  233
  213  200  193  187  185  186  190  195  208  227  242  261  273  265  253  240
  226  210  198  187  175  158  142  127  112  105  100   97   93   91   91   93
   97   98   95   93   90   85   79   74   69   65   62   61   66   79   98  120
  140  159  177  194  212  232  253  279  301
    12.5-180.0 180.0   5.0 450.0                            LAT/LON1/LON2/DLON/H
  310  329  348  367  379  383  394  418  411  386  366  352  335  318  290  261
  235  217  205  198  196  197  202  212  232  254  266  271  272  255  237  221
  206  194  187  181  173  161  147  133  122  114  107  100   95   92   91   95
  100  100   97   96   94   88   82   75   70   66   62   61   66   79  100  124
  147  167  187  207  225  244  264  284  310
    10.0-180.0 180.0   5.0 450.0                            LAT/LON1/LON2/DLON/H
  312  333  353  377  398  411  422  446  448  429  410  396  379  362  332  301
  268  246  227  218  214  215  220  231  249  266  275  270  261  238  217  199
  187  182  181  181  180  172  160  147  135  122  113  103   97   93   91   95
  102  101   99   97   96   91   84   76   71   66   63   62   67   80  102  129
  153  173  194  216  236  254  270  288  312
     7.5-180.0 180.0   5.0 450.0                            LAT/LON1/LON2/DLON/H
  310  331  354  380  404  422  437  449  456  447  438  427  414  402  373  343
  311  284  259  246  239  238  242  251  263  276  279  268  248  222  200  185
  178  181  186  194  198  191  182  168  152  133  121  108  100   95   93   97
  101  101  100   98   97   94   86   78   72   68   65   65   70   85  108  134
  157  178  200  221  242  260  276  292  310
     5.0-180.0 180.0   5.0 450.0                            LAT/LON1/LON2/DLON/H
  310  330  353  379  403  421  432  440  445  446  443  441  436  427  410  383
  355  327  299  282  271  267  271  277  285  290  285  266  242  216  196  187
  187  195  207  220  222  216  208  191  172  150  134  116  106  101   99  100
  103  104  103  102  102   99   92   83   76   72   69   68   75   91  114  140
  162  182  202  222  243  262  279  294  310
     2.5-180.0 180.0   5.0 450.0                            LAT/LON1/LON2/DLON/H
  313  331  353  377  399  413  419  420  422  427  432  435  438  440  432  415
  393  367  338  319  305  299  300  304  308  306  294  271  247  224  209  207
  212  222  239  250  249  242  234  216  191  167  150  127  115  110  108  108
  109  110  111  111  107  103   98   90   81   75   72   74   83   99  122  146
  167  185  202  220  239  259  279  296  313
