data/igsg0210.22i
     1.0            IONOSPHERE MAPS     MIX                 IONEX VERSION / TYPE
cmpcmb v1.2          GRL/UWM             9-feb-22 21:06     PGM / RUN BY / DATE 
ionex file containing IGS COMBINED Ionosphere maps          COMMENT             
global ionosphere maps for day 021, 2022                    DESCRIPTION         
IONEX file containing the COMBINED IGS TEC MAPS and DCBs    DESCRIPTION         
      IONEX files of the following IAACs were combined: cod DESCRIPTION         
                                                        esa DESCRIPTION         
                                                        jpl DESCRIPTION         
                                                        upc DESCRIPTION         
Contact address: Andrzej Krankowski                         DESCRIPTION
                 Geodynamics Research Laboratory            DESCRIPTION
                 University of Warmia and Mazury (GRL/UWM)  DESCRIPTION
                 Oczapowski St. 1                           DESCRIPTION
                 10-957-Olsztyn, POLAND                     DESCRIPTION
                 e-mail:  kand@uwm.edu.pl                   DESCRIPTION
                                                            DESCRIPTION         
  2022     1    21     0     0     0                        EPOCH OF FIRST MAP  
  2022     1    22     0     0     0                        EPOCH OF LAST MAP   
  7200                                                      INTERVAL            
    13                                                      # OF MAPS IN FILE   
  COSZ                                                      MAPPING FUNCTION    
     0.0                                                    ELEVATION CUTOFF    
combined TEC calculated as weighted mean of input TEC valuesOBSERVABLES USED    
   354                                                      # OF STATIONS       
    31                                                      # OF SATELLITES     
  6371.0                                                    BASE RADIUS         
     2                                                      MAP DIMENSION       
   450.0 450.0   0.0                                        HGT1 / HGT2 / DHGT  
    87.5 -87.5  -2.5                                        LAT1 / LAT2 / DLAT  
  -180.0 180.0   5.0                                        LON1 / LON2 / DLON  
    -1                                                      EXPONENT            
TEC values in 0.1 tec units;  9999, if no value available   COMMENT             
DCB values in nanoseconds, reference is Sum_of_SatDCBs = 0  COMMENT             
                                                            END OF HEADER       
     1                                                      START OF TEC MAP    
  2022     1    21     0     0     0                        EPOCH OF CURRENT MAP
    87.5-180.0 180.0   5.0 450.0                            LAT/LON1/LON2/DLON/H
   23   23   23   24   23   23   23   24   23   23   23   23   23   23   23   22
   22   22   21   21   21   21   20   20   20   19   19   18   19   18   18   18
   18   18   18   18   18   18   18   19   18   19   19   19   19   20   20   20
   20   20   21   21   22   22   22   22   22   23   23   23   23   23   23   23
   23   23   23   23   23   23   23   23   23
    85.0-180.0 180.0   5.0 450.0                            LAT/LON1/LON2/DLON/H
   28   28   28   29   29   29   29   29   29   29   28   28   27   27   26   26
   25   24   24   23   23   22   21   20   19   19   18   18   18   18   17   17
   17   17   18   18   18   18   18   19   19   19   20   20   20   20   21   21
   21   21   22   23   23   24   24   25   25   25   25   26   26   25   25   25
   25   25   25   25   25   26   26   27   28
    82.5-180.0 180.0   5.0 450.0                            LAT/LON1/LON2/DLON/H
   32   34   34   35   34   35   35   35   36   36   35   35   34   34   33   32
   30   29   27   26   24   24   23   21   21   20   21   19   19   18   17   17
   17   17   17   17   17   17   18   19   19   20   20   21   21   22   22   23
   23   24   24   25   25   26   26   27   27   27   27   26   27   26   26   26
   27   27   28   28   29   30   31   32   32
    80.0-180.0 180.0   5.0 450.0                            LAT/LON1/LON2/DLON/H
   39   40   41   41   42   42   42   41   41   41   40   40   39   39   38   37
   36   34   32   30   28   25   24   26   24   23   22   22   21   20   20   19
   19   19   19   19   19   19   19   20   20   21   21   22   23   23   24   25
   26   26   27   27   27   28   28   28   28   28   28   27   27   27   27   28
   29   30   31   32   33   35   36   38   39
    77.5-180.0 180.0   5.0 450.0                            LAT/LON1/LON2/DLON/H
   45   47   47   48   48   48   47   47   48   48   47   46   44   43   43   43
   40   39   37   36   33   33   34   29   29   27   26   25   24   24   23   23
   23   23   22   22   22   22   23   23   23   23   24   24   25   25   25   26
   27   28   29   29   29   29   29   29   28   28   27   27   26   26   27   28
   30   32   34   36   39   40   42   44   45
    75.0-180.0 180.0   5.0 450.0                            LAT/LON1/LON2/DLON/H
   54   54   55   55   55   55   55   55   54   52   51   49   48   46   45   44
   41   40   39   37   37   34   35   33   30   30   30   29   28   27   27   26
   26   26   26   26   25   25   25   24   24   24   24   25   25   25   25   26
   27   28   29   29   29   29   28   28   27   26   25   25   25   25   26   28
   31   34   37   40   44   47   50   52   54
    72.5-180.0 180.0   5.0 450.0                            LAT/LON1/LON2/DLON/H
   63   64   63   63   63   63   62   60   59   59   57   54   52   49   47   45
   43   42   39   38   36   36   36   34   33   31   31   31   31   31   31   30
   29   29   29   28   27   27   26   25   24   24   24   24   24   24   24   25
   25   26   28   28   28   27   27   25   24   23   23   22   23   24   26   29
   33   37   42   47   51   55   59   61   63
    70.0-180.0 180.0   5.0 450.0                            LAT/LON1/LON2/DLON/H
   73   74   73   73   72   71   70   69   68   65   63   60   56   52   48   46
   44   41   38   37   36   35   35   34   34   33   32   33   32   32   33   32
   30   29   28   27   26   26   25   24   23   23   22   22   22   22   22   23
   23   25   25   26   26   25   24   23   21   20   20   20   21   23   26   31
   36   42   47   53   58   63   68   71   73
    67.5-180.0 180.0   5.0 450.0                            LAT/LON1/LON2/DLON/H
   83   84   83   82   82   81   79   77   75   72   68   65   61   55   51   48
   43   39   38   37   36   34   35   35   35   34   33   33   32   32   31   31
   29   28   26   25   24   23   22   21   21   20   19   19   19   19   19   20
   21   22   23   23   23   22   21   20   19   18   18   19   21   24   28   35
   41   47   54   61   67   72   77   81   83
    65.0-180.0 180.0   5.0 450.0                            LAT/LON1/LON2/DLON/H
   91   92   93   92   91   91   88   84   81   78   75   70   65   60   55   50
   44   40   37   36   35   34   34   35   34   34   32   31   31   30   29   28
   26   24   23   21   20   19   19   19   18   18   17   16   17   17   18   19
   20   21   21   21   21   20   19   18   17   17   18   19   23   27   34   40
   47   55   62   68   75   80   85   88   91
    62.5-180.0 180.0   5.0 450.0                            LAT/LON1/LON2/DLON/H
   97  100  101  101   99   97   94   91   87   84   80   76   70   65   59   54
   48   43   39   37   35   33   33   32   32   31   30   29   28   27   26   24
   22   20   19   17   16   16   17   17   17   17   17   17   17   18   18   19
   20   21   21   20   19   19   18   17   16   17   19   22   26   32   40   47
   55   62   69   75   81   86   90   94   97
    60.0-180.0 180.0   5.0 450.0                            LAT/LON1/LON2/DLON/H
  102  105  107  107  105  102   99   95   92   88   84   80   75   69   64   58
   53   47   43   39   36   34   32   30   29   28   27   26   25   24   23   21
   20   18   17   16   16   16   17   18   19   20   20   21   21   21   21   22
   22   23   22   21   20   19   18   18   18   19   22   25   32   39   47   55
   63   70   76   81   86   90   94   98  102
    57.5-180.0 180.0   5.0 450.0                            LAT/LON1/LON2/DLON/H
  106  110  111  111  108  106  102   99   95   91   88   84   79   74   70   64
   58   52   47   42   39   35   32   29   28   26   25   24   23   23   22   21
   20   19   18   18   18   19   20   22   24   25   26   27   27   27   27   27
   27   27   27   25   23   23   22   22   22   24   27   31   38   47   55   64
   71   77   82   86   90   92   97  101  106
    55.0-180.0 180.0   5.0 450.0                            LAT/LON1/LON2/DLON/H
  110  114  116  115  112  108  105  101   98   94   91   87   83   79   74   69
   63   57   50   45   40   36   32   30   28   26   24   24   24   24   23   24
   23   23   23   23   24   25   27   29   31   33   34   34   34   33   33   33
   33   32   32   31   30   29   28   28   28   30   33   38   45   54   62   71
   78   84   88   90   92   95   99  104  110
    52.5-180.0 180.0   5.0 450.0                            LAT/LON1/LON2/DLON/H
  115  120  122  120  117  113  109  105  101   98   95   91   87   83   78   73
   67   60   53   47   42   38   33   31   29   28   27   27   27   28   28   29
   29   30   30   31   32   34   36   38   39   41   42   41   41   41   40   40
   39   39   39   38   38   37   36   35   35   37   41   47   54   62   69   78
   85   89   92   93   94   97  102  108  115
    50.0-180.0 180.0   5.0 450.0                            LAT/LON1/LON2/DLON/H
  122  126  128  127  124  119  114  110  107  103   99   95   91   87   82   77
   70   62   56   49   44   40   36   34   33   32   33   33   34   34   34   36
   37   37   38   40   41   43   45   47   48   49   49   49   49   48   48   48
   47   47   47   47   47   46   46   45   45   47   51   57   63   70   77   84
   90   93   95   97   98  100  106  114  122
    47.5-180.0 180.0   5.0 450.0                            LAT/LON1/LON2/DLON/H
  129  134  136  135  132  127  121  117  113  110  106  101   96   91   87   81
   73   65   58   52   46   43   40   39   39   40   40   41   42   42   41   42
   43   44   46   48   50   52   53   54   55   56   56   55   55   54   54   54
   55   55   56   57   56   56   57   56   56   57   61   67   72   78   84   89
   94   97   99  100  101  106  112  120  129
    45.0-180.0 180.0   5.0 450.0                            LAT/LON1/LON2/DLON/H
  135  141  145  144  140  135  130  125  123  119  114  108  102   97   92   85
   77   68   61   55   51   48   46   47   48   49   49   49   49   48   48   48
   48   49   51   54   56   58   59   60   60   61   61   61   61   60   60   61
   62   64   64   66   67   67   67   66   66   68   72   77   81   86   90   94
   98  101  103  104  107  111  118  127  135
    42.5-180.0 180.0   5.0 450.0                            LAT/LON1/LON2/DLON/H
  141  147  151  151  148  143  138  134  131  128  123  117  111  104   98   92
   84   74   66   60   56   55   55   56   58   59   57   56   53   52   52   51
   52   53   55   58   60   62   63   64   64   65   65   65   66   65   65   67
   68   70   71   73   74   74   74   74   75   78   82   86   90   94   96   98
  102  106  110  111  114  117  124  133  141
    40.0-180.0 180.0   5.0 450.0                            LAT/LON1/LON2/DLON/H
  144  150  154  155  153  149  145  142  139  136  132  126  120  112  106  100
   91   82   73   67   64   64   64   66   67   66   65   61   57   55   54   53
   53   54   56   59   62   65   66   66   67   68   69   70   70   70   70   72
   73   74   75   77   78   78   77   77   80   84   90   95   99  101  101  102
  106  111  116  119  121  124  130  137  144
    37.5-180.0 180.0   5.0 450.0                            LAT/LON1/LON2/DLON/H
  144  149  154  155  154  152  148  146  145  143  138  132  127  121  116  109
  100   90   82   77   75   73   73   74   74   73   70   65   61   57   56   55
   55   55   57   60   64   67   68   69   70   71   72   73   74   74   74   75
   76   76   76   76   77   76   75   76   80   88   97  103  107  108  107  108
  111  115  121  126  129  131  134  138  144
    35.0-180.0 180.0   5.0 450.0                            LAT/LON1/LON2/DLON/H
  141  145  149  152  152  151  149  147  146  145  141  137  133  130  125  118
  110  100   92   87   84   81   80   79   77   75   71   67   63   60   58   57
   57   58   59   62   65   69   71   72   73   75   76   78   78   77   75   75
   76   75   72   71   71   71   70   73   79   89  101  110  115  117  115  114
  116  121  128  133  136  136  136  138  141
    32.5-180.0 180.0   5.0 450.0                            LAT/LON1/LON2/DLON/H
  139  142  145  148  149  149  147  146  144  143  142  138  136  135  132  127
  120  111  102   97   92   88   84   80   76   73   70   67   64   63   63   62
   62   63   64   66   69   74   75   76   77   79   80   81   80   78   75   73
   73   70   68   66   64   63   64   68   76   90  105  116  123  125  124  123
  124  129  136  141  144  143  141  139  139
    30.0-180.0 180.0   5.0 450.0                            LAT/LON1/LON2/DLON/H
  144  144  147  150  150  149  147  145  143  140  139  137  136  136  136  133
  127  119  110  103   96   90   83   77   72   70   68   67   68   69   71   72
   73   73   72   74   77   79   81   81   82   83   84   83   80   77   73   70
   67   65   62   60   58   56   57   63   74   90  107  121  130  134  134  134
  134  138  144  149  153  152  149  146  144
    27.5-180.0 180.0   5.0 450.0                            LAT/LON1/LON2/DLON/H
  159  159  160  162  161  158  154  150  146  142  138  135  133  134  135  135
  131  124  115  106   96   88   79   72   68   67   68   69   76   81   84   86
   88   88   85   84   86   87   88   87   86   87   86   83   79   74   70   66
   62   60   57   55   53   51   52   60   73   90  109  124  137  143  145  146
  147  151  154  159  164  165  163  161  159
    25.0-180.0 180.0   5.0 450.0                            LAT/LON1/LON2/DLON/H
  186  188  191  190  186  181  174  169  162  153  144  136  132  131  132  133
  130  125  116  106   94   82   74   68   66   68   72   78   90  100  105  106
  106  104   98   95   96   96   96   92   90   88   86   82   77   71   65   61
   58   55   53   50   48   47   49   57   72   91  111  129  143  153  158  162
  164  167  169  174  180  183  185  188  186
    22.5-180.0 180.0   5.0 450.0                            LAT/LON1/LON2/DLON/H
  225  232  240  237  228  220  211  205  194  180  163  146  136  130  129  129
  126  121  114  104   90   78   70   67   71   79   86   97  112  124  125  126
  127  121  112  107  106  106  102   96   91   88   85   81   74   67   61   57
   54   52   49   47   44   44   48   58   74   94  114  133  150  163  172  180
  184  187  188  194  200  208  213  222  225
    20.0-180.0 180.0   5.0 450.0                            LAT/LON1/LON2/DLON/H
  274  284  298  293  282  272  264  259  245  225  197  168  149  136  129  128
  123  116  108   99   86   76   72   75   84   97  110  124  138  146  140  142
  144  136  129  117  115  111  105   97   91   87   84   80   72   64   58   54
   52   50   49   46   45   45   49   61   79   99  118  138  157  174  188  199
  206  210  211  216  223  235  249  263  274
    17.5-180.0 180.0   5.0 450.0                            LAT/LON1/LON2/DLON/H
  326  342  351  348  337  329  332  330  315  289  250  203  172  151  138  131
  123  113  103   93   84   81   82   91  104  121  136  150  161  161  152  154
  156  148  139  125  122  113  107   98   90   86   82   78   71   62   56   53
   51   50   50   49   48   48   54   66   85  105  125  145  165  185  203  218
  230  234  235  239  249  265  285  304  326
    15.0-180.0 180.0   5.0 450.0                            LAT/LON1/LON2/DLON/H
  361  382  397  400  393  389  396  404  392  360  308  255  211  179  158  144
  131  119  106   95   89   92  101  115  131  148  164  172  178  171  161  160
  159  152  139  125  120  111  105   96   89   85   82   78   70   62   56   53
   52   52   52   52   51   53   59   72   91  112  132  153  174  196  218  237
  250  257  261  263  274  292  313  337  361
    12.5-180.0 180.0   5.0 450.0                            LAT/LON1/LON2/DLON/H
  376  400  421  432  434  433  448  466  466  429  374  314  261  220  192  169
  152  137  122  108  104  112  126  142  161  175  185  191  187  175  165  161
  157  148  135  121  117  108  104   97   90   85   82   78   70   63   57   55
   54   55   56   56   55   57   65   79   98  119  140  162  184  207  231  253
  269  277  284  286  298  313  332  354  376
    10.0-180.0 180.0   5.0 450.0                            LAT/LON1/LON2/DLON/H
  374  397  420  437  445  451  472  499  506  477  427  371  314  269  235  207
  185  168  152  137  134  142  158  173  188  195  196  196  189  173  164  160
  154  145  134  121  116  108  105   99   92   86   82   77   71   64   60   58
   58   59   60   60   60   61   69   84  105  127  148  170  193  218  241  265
  283  294  301  305  316  329  343  359  374
     7.5-180.0 180.0   5.0 450.0                            LAT/LON1/LON2/DLON/H
  365  384  401  418  429  440  464  496  511  496  460  414  362  321  283  252
  227  208  193  179  176  182  195  204  208  206  199  194  186  169  163  160
  154  146  136  125  119  112  106  100   94   87   83   79   72   66   62   61
   62   63   64   64   65   66   74   89  111  135  157  178  201  224  248  271
  290  302  311  319  327  336  348  356  365
     5.0-180.0 180.0   5.0 450.0                            LAT/LON1/LON2/DLON/H
  354  367  380  391  399  412  437  467  488  488  467  434  395  361  325  304
  274  256  239  228  225  227  232  231  221  209  198  191  179  170  166  165
  163  155  145  136  129  120  111  103   95   88   84   81   74   69   65   65
   66   68   68   68   69   70   79   96  117  143  165  186  207  228  251  272
  291  303  313  321  329  336  344  348  354
     2.5-180.0 180.0   5.0 450.0                            LAT/LON1/LON2/DLON/H
  347  355  363  367  370  381  402  430  452  459  450  431  407  384  361  341
  321  304  288  276  270  266  261  250  228  205  193  190  180  178  179  179
  178  171  162  154  145  133  121  108   98   90   86   83   77   72   69   70
   72   73   72   72   72   74   84  102  123  147  170  190  209  228  249  269
  286  300  311  319  327  333  338  342  347
