data/igsg0210.22i
     1.0            IONOSPHERE MAPS     MIX                 IONEX VERSION / TYPE
cmpcmb v1.2          GRL/UWM             9-feb-22 21:06     PGM / RUN BY / DATE 
ionex file containing IGS COMBINED Ionosphere maps          COMMENT             
global ionosphere maps for day 021, 2022                    DESCRIPTION         
IONEX file containing the COMBINED IGS TEC MAPS and DCBs    DESCRIPTION         
      IONEX files of the following IAACs were combined: cod DESCRIPTION         
                                                        esa DESCRIPTION         
                                                        jpl DESCRIPTION         
                                                        upc DESCRIPTION         
Contact address: Andrzej Krankowski                         DESCRIPTION
                 Geodynamics Research Laboratory            DESCRIPTION
                 University of Warmia and Mazury (GRL/UWM)  DESCRIPTION
                 Oczapowski St. 1                           DESCRIPTION
                 10-957-Olsztyn, POLAND                     DESCRIPTION
                 e-mail:  kand@uwm.edu.pl                   DESCRIPTION
                                                            DESCRIPTION         
  2022     1    21     0     0     0                        EPOCH OF FIRST MAP  
  2022     1    22     0     0     0                        EPOCH OF LAST MAP   
  7200                                                      INTERVAL            
    13                                                      # OF MAPS IN FILE   
  COSZ                                                      MAPPING FUNCTION    
     0.0                                                    ELEVATION CUTOFF    
combined TEC calculated as weighted mean of input TEC valuesOBSERVABLES USED    
   354                                                      # OF STATIONS       
    31                                                      # OF SATELLITES     
  6371.0                                                    BASE RADIUS         
     2                                                      MAP DIMENSION       
   450.0 450.0   0.0                                        HGT1 / HGT2 / DHGT  
    87.5 -87.5  -2.5                                        LAT1 / LAT2 / DLAT  
  -180.0 180.0   5.0                                        LON1 / LON2 / DLON  
    -1                                                      EXPONENT            
TEC values in 0.1 tec units;  9999, if no value available   COMMENT             
DCB values in nanoseconds, reference is Sum_of_SatDCBs = 0  COMMENT             
                                                            END OF HEADER       
[from data line 429]
     2                                                      START OF TEC MAP    
  2022     1    21     2     0     0                        EPOCH OF CURRENT MAP
    87.5-180.0 180.0   5.0 450.0                            LAT/LON1/LON2/DLON/H
   32   32   32   32   31   31   31   31   30   30   30   29   29   29   29   28
   28   28   27   27   27   26   26   26   26   26   26   26   26   26   26   26
   26   26   26   27   27   27   27   28   28   28   29   29   29   29   30   30
   31   31   31   31   32   32   32   32   33   33   33   33   33   33   33   33
   33   33   33   33   33   33   33   32   32
    85.0-180.0 180.0   5.0 450.0                            LAT/LON1/LON2/DLON/H
   34   33   33   32   32   32   31   31   31   30   30   30   29   29   28   28
   27   27   26   25   25   24   23   23   22   22   22   22   22   22   22   22
   22   23   23   24   24   25   26   27   27   28   28   29   29   30   30   30
   31   31   31   32   32   33   33   34   34   35   35   35   35   35   35   36
   35   35   36   35   35   35   35   34   34
    82.5-180.0 180.0   5.0 450.0                            LAT/LON1/LON2/DLON/H
   36   36   35   34   34   33   32   32   32   32   32   32   33   33   33   32
   31   31   28   26   24   23   21   21   21   20   19   19   18   18   18   19
   19   20   21   22   24   25   26   27   28   29   30   30   31   31   31   31
   31   31   31   31   31   32   32   33   33   34   35   36   36   36   37   37
   37   38   38   38   38   37   37   37   36
    80.0-180.0 180.0   5.0 450.0                            LAT/LON1/LON2/DLON/H
   40   38   37   36   35   35   34   33   33   33   33   33   33   33   33   32
   32   31   31   30   30   28   22   22   22   21   20   19   18   18   17   18
   19   20   21   23   24   25   27   28   28   30   31   31   32   32   32   31
   30   30   30   29   29   29   30   31   32   33   34   35   37   38   38   39
   40   41   41   41   42   41   41   40   40
    77.5-180.0 180.0   5.0 450.0                            LAT/LON1/LON2/DLON/H
   45   44   42   41   39   38   37   35   35   34   35   35   36   36   35   35
   35   35   34   33   32   30   27   26   24   22   21   19   17   17   17   17
   18   19   21   23   24   26   27   28   29   30   31   31   32   32   31   30
   29   28   27   27   27   27   28   29   30   32   33   35   37   39   41   42
   44   45   46   47   48   48   47   47   45
    75.0-180.0 180.0   5.0 450.0                            LAT/LON1/LON2/DLON/H
   54   52   50   47   45   43   41   39   38   37   37   37   37   37   38   37
   36   36   36   34   34   32   30   29   27   25   23   22   21   20   20   20
   20   21   21   23   24   26   27   27   28   29   30   31   31   30   30   29
   28   26   25   24   24   25   25   27   29   32   34   37   39   43   45   48
   51   52   54   55   56   56   56   55   54
    72.5-180.0 180.0   5.0 450.0                            LAT/LON1/LON2/DLON/H
   64   61   58   54   51   49   46   43   42   40   40   39   37   37   35   35
   35   35   35   36   37   34   33   31   30   28   26   24   23   23   23   23
   23   23   24   24   24   25   25   26   26   27   28   29   29   28   28   27
   26   25   24   23   23   23   25   27   30   34   37   41   45   49   52   56
   59   61   64   66   67   68   68   66   64
    70.0-180.0 180.0   5.0 450.0                            LAT/LON1/LON2/DLON/H
   74   70   66   62   59   56   52   48   46   44   41   38   36   35   33   33
   33   34   35   36   36   35   34   33   32   30   29   27   27   27   26   26
   26   25   25   24   24   24   24   23   24   24   25   26   26   25   25   25
   24   23   23   22   22   24   26   29   33   38   43   47   53   57   61   64
   68   71   74   77   78   79   79   77   74
    67.5-180.0 180.0   5.0 450.0                            LAT/LON1/LON2/DLON/H
   82   78   74   70   66   62   58   54   51   47   43   39   36   33   31   30
   31   32   33   34   35   35   35   33   32   31   31   30   29   29   29   28
   27   26   24   23   23   21   21   21   21   21   22   23   23   23   23   23
   22   22   22   23   24   26   29   33   39   45   51   56   63   67   71   74
   77   80   84   87   89   90   88   87   82
    65.0-180.0 180.0   5.0 450.0                            LAT/LON1/LON2/DLON/H
   90   85   80   75   71   67   63   59   55   51   47   42   37   33   29   28
   28   29   30   32   33   34   34   32   32   31   29   29   29   29   28   28
   27   25   23   21   20   19   18   18   18   18   19   20   21   22   23   23
   22   22   22   23   25   29   33   39   46   53   60   67   73   77   80   83
   86   89   92   95   97   97   96   94   90
    62.5-180.0 180.0   5.0 450.0                            LAT/LON1/LON2/DLON/H
   94   90   85   80   75   71   67   63   59   56   51   45   40   34   29   26
   25   26   27   29   31   31   31   30   29   28   27   27   27   27   27   26
   25   23   21   19   17   16   15   15   16   17   19   20   21   23   24   24
   24   24   24   26   28   33   38   45   54   62   70   78   83   88   90   92
   94   96   98  101  102  102  101   98   94
    60.0-180.0 180.0   5.0 450.0                            LAT/LON1/LON2/DLON/H
   98   93   89   83   78   74   70   66   63   59   54   48   42   35   30   26
   25   25   26   27   28   28   28   27   26   25   24   24   25   25   25   24
   23   21   19   17   16   15   15   16   17   19   20   22   24   26   26   26
   26   26   27   28   31   36   43   52   61   71   79   87   93   97   98   99
  100  101  103  105  106  106  104  101   98
    57.5-180.0 180.0   5.0 450.0                            LAT/LON1/LON2/DLON/H
  101   97   92   88   82   77   73   69   65   61   56   51   45   38   33   29
   27   26   26   26   27   27   26   24   23   22   22   22   23   24   24   23
   22   20   19   18   17   17   18   19   21   23   25   27   28   29   30   29
   29   29   30   31   35   40   49   58   68   78   88   96  101  103  104  105
  105  105  106  108  108  108  106  104  101
    55.0-180.0 180.0   5.0 450.0                            LAT/LON1/LON2/DLON/H
  105  102   98   94   88   82   76   71   67   62   58   52   47   41   36   32
   29   28   28   28   27   26   25   24   22   22   22   22   23   25   25   24
   24   23   22   22   22   23   24   26   28   30   32   33   34   35   35   34
   34   33   32   35   39   45   54   63   74   84   94  102  106  108  109  108
  108  109  110  111  111  111  110  108  105
    52.5-180.0 180.0   5.0 450.0                            LAT/LON1/LON2/DLON/H
  111  108  106  102   97   89   82   74   68   64   59   54   49   43   40   36
   34   31   30   29   29   28   27   25   24   24   24   24   26   28   28   28
   28   28   28   29   30   31   34   36   38   39   40   41   40   41   40   40
   38   37   37   39   44   51   59   69   80   91   99  106  110  112  112  111
  111  112  114  115  116  117  115  113  111
    50.0-180.0 180.0   5.0 450.0                            LAT/LON1/LON2/DLON/H
  118  116  115  112  106   98   88   79   72   66   60   55   51   46   43   39
   37   35   33   31   31   31   30   28   28   28   28   30   32   34   34   34
   35   36   37   38   39   41   43   45   47   48   48   48   47   47   46   45
   43   42   43   46   51   59   68   77   87   97  105  110  114  115  115  115
  115  116  119  122  123  123  123  120  118
    47.5-180.0 180.0   5.0 450.0                            LAT/LON1/LON2/DLON/H
  126  125  124  122  117  109   99   88   78   70   63   58   53   49   46   43
   40   37   35   34   35   34   35   35   34   34   36   38   40   41   41   41
   42   44   46   46   49   51   53   54   56   56   56   54   54   53   52   50
   49   48   50   53   60   70   78   87   96  105  110  115  117  118  118  118
  119  121  125  128  131  132  131  128  126
    45.0-180.0 180.0   5.0 450.0                            LAT/LON1/LON2/DLON/H
  133  132  131  130  127  120  110   99   86   76   69   62   57   52   49   46
   44   41   39   39   39   40   40   41   42   42   43   45   46   47   47   47
   49   51   53   55   57   58   60   61   62   62   62   60   59   59   57   56
   55   56   58   63   71   81   89   97  105  112  118  121  122  122  123  124
  126  127  132  135  137  138  138  135  133
    42.5-180.0 180.0   5.0 450.0                            LAT/LON1/LON2/DLON/H
  137  135  135  136  134  129  121  109   96   85   76   69   62   56   53   50
   47   45   44   43   45   46   47   48   49   51   51   51   51   52   51   52
   54   56   59   60   62   64   65   66   66   67   66   66   65   64   64   63
   62   63   66   73   82   92  102  109  115  120  125  128  128  128  129  131
  132  133  136  138  140  141  142  139  137
    40.0-180.0 180.0   5.0 450.0                            LAT/LON1/LON2/DLON/H
  138  135  135  135  136  134  128  119  107   95   85   76   68   62   58   55
   52   51   50   50   51   54   55   56   57   57   56   56   56   55   54   55
   57   59   61   63   65   65   66   68   69   70   70   70   70   70   69   69
   68   70   73   81   92  102  112  119  123  127  131  133  134  136  135  136
  136  136  137  138  139  141  142  140  138
    37.5-180.0 180.0   5.0 450.0                            LAT/LON1/LON2/DLON/H
  134  131  129  130  132  132  130  124  115  104   95   85   77   70   65   61
   59   58   58   58   60   62   63   63   62   61   60   59   58   57   55   55
   57   60   62   64   64   66   67   69   71   73   73   74   75   75   74   72
   71   73   78   86   98  109  120  126  131  133  136  138  141  143  143  143
  141  140  139  137  137  138  138  137  134
    35.0-180.0 180.0   5.0 450.0                            LAT/LON1/LON2/DLON/H
  130  125  121  121  124  126  127  124  119  112  104   95   87   79   73   69
   66   65   66   67   69   71   71   70   67   63   62   60   59   58   57   56
   58   61   63   64   65   66   68   70   73   76   77   77   78   77   76   73
   72   73   79   89  101  114  125  132  137  140  142  145  148  151  152  151
  149  147  143  139  138  137  136  135  130
    32.5-180.0 180.0   5.0 450.0                            LAT/LON1/LON2/DLON/H
  131  123  116  114  116  120  121  121  119  115  110  103   95   88   82   78
   75   74   74   75   77   77   76   74   70   65   62   61   60   59   58   58
   60   64   65   66   66   68   70   73   76   78   79   80   78   77   75   71
   69   71   78   88  102  116  128  137  143  146  150  153  156  160  161  163
  161  158  153  147  146  143  141  138  131
    30.0-180.0 180.0   5.0 450.0                            LAT/LON1/LON2/DLON/H
  142  131  122  116  114  115  115  115  115  114  111  107  101   95   89   85
   81   81   81   82   83   82   79   76   71   66   62   63   62   63   62   64
   66   70   71   71   71   72   73   75   78   80   81   79   77   73   70   67
   65   68   75   87  101  115  129  140  148  154  159  164  168  171  174  177
  178  176  171  167  164  160  156  151  142
    27.5-180.0 180.0   5.0 450.0                            LAT/LON1/LON2/DLON/H
  168  154  142  131  125  120  116  113  111  110  109  107  103   99   92   88
   84   83   84   85   85   82   80   76   71   67   65   68   68   71   71   74
   77   79   80   79   77   77   77   78   79   80   79   77   73   69   64   60
   59   63   71   84  100  115  130  143  154  162  171  178  183  187  191  197
  200  202  200  198  195  191  187  179  168
    25.0-180.0 180.0   5.0 450.0                            LAT/LON1/LON2/DLON/H
  209  195  181  165  153  141  130  119  112  109  107  105  103   99   92   86
   82   81   82   83   82   80   78   77   73   72   72   76   79   84   85   90
   92   92   91   88   85   83   81   81   80   79   76   72   67   63   57   52
   53   58   69   83   99  116  132  147  162  174  186  196  202  208  214  222
  231  234  237  239  239  236  228  220  209
    22.5-180.0 180.0   5.0 450.0                            LAT/LON1/LON2/DLON/H
  265  251  244  223  203  180  159  137  122  114  109  105  101   96   90   82
   77   76   77   79   77   75   76   79   81   82   85   91   94  100  102  106
  107  106  103   97   92   89   86   81   79   74   70   66   61   56   50   46
   47   55   69   86  103  120  137  155  173  189  205  217  226  232  240  251
  264  272  284  286  290  287  280  274  265
    20.0-180.0 180.0   5.0 450.0                            LAT/LON1/LON2/DLON/H
  325  326  313  294  268  233  206  172  146  128  118  109  102   95   87   79
   73   71   73   73   72   72   76   84   90   96  102  108  112  117  118  121
  122  120  114  107   99   93   86   79   74   70   65   59   55   49   44   41
   44   56   73   92  110  128  146  166  186  205  225  240  251  260  270  285
  299  311  324  330  338  339  333  329  325
    17.5-180.0 180.0   5.0 450.0                            LAT/LON1/LON2/DLON/H
  376  386  386  369  339  300  261  224  186  157  136  123  111  100   89   80
   73   70   70   69   69   71   78   90  100  111  120  128  131  132  132  132
  132  130  122  113  103   95   85   77   70   65   59   54   49   44   39   37
   43   59   80  101  120  139  157  178  199  222  244  262  277  289  301  317
  330  344  354  365  378  382  380  375  376
    15.0-180.0 180.0   5.0 450.0                            LAT/LON1/LON2/DLON/H
  408  424  434  422  401  368  325  282  236  196  167  147  129  115  100   90
   80   76   75   73   73   76   85   99  113  128  138  145  148  145  144  141
  139  133  125  116  105   96   85   75   67   61   56   51   47   42   37   37
   45   63   87  111  132  152  170  190  213  237  261  282  302  316  330  344
  356  367  373  384  397  408  409  403  408
    12.5-180.0 180.0   5.0 450.0                            LAT/LON1/LON2/DLON/H
  419  438  454  452  445  423  384  339  289  242  206  180  159  142  123  111
   99   94   92   89   88   90   98  113  129  143  152  158  158  153  150  145
  140  132  125  115  105   96   87   75   66   60   55   51   46   42   39   39
   48   68   93  118  142  163  183  203  225  249  274  298  321  338  352  364
  373  378  381  388  400  410  414  413  419
    10.0-180.0 180.0   5.0 450.0                            LAT/LON1/LON2/DLON/H
  416  435  449  457  460  451  424  382  335  287  247  220  197  180  157  145
  133  128  123  119  114  114  120  130  144  157  161  164  159  153  150  145
  137  130  122  113  105   97   88   77   68   61   56   52   49   44   41   42
   53   73  100  125  150  172  193  214  235  258  282  306  328  348  363  372
  377  378  379  383  391  397  404  408  416
     7.5-180.0 180.0   5.0 450.0                            LAT/LON1/LON2/DLON/H
  404  417  431  442  447  446  431  404  365  322  287  260  238  221  200  186
  177  172  166  161  152  148  148  152  160  168  166  165  159  151  148  141
  135  128  120  113  107   99   89   81   72   65   59   56   52   48   45   46
   58   78  103  130  155  177  199  220  241  264  285  307  328  346  362  369
  371  369  370  374  380  384  390  396  404
     5.0-180.0 180.0   5.0 450.0                            LAT/LON1/LON2/DLON/H
  392  401  410  417  422  424  419  403  379  347  318  298  280  261  246  232
  223  218  212  207  196  186  178  174  175  178  171  166  160  151  148  141
  135  129  122  116  111  102   93   85   77   71   65   61   57   53   50   51
   63   82  107  134  158  181  203  224  244  265  285  305  324  340  355  362
  362  359  359  364  370  375  380  386  392
     2.5-180.0 180.0   5.0 450.0                            LAT/LON1/LON2/DLON/H
  388  393  396  398  399  400  399  393  379  359  340  325  311  297  284  271
  263  259  252  246  234  222  206  196  192  190  181  169  162  155  152  146
  138  132  127  120  115  107   98   90   82   76   70   66   62   58   55   58
   69   88  111  136  160  182  204  225  244  263  282  300  317  333  346  353
  353  351  352  357  364  371  375  381  388
